1905792
1905824
1905856
1905888
1905920
1905952
1905984
1906016
1906048
1906080
1906112
1906144
1906176
1906208
1907088
1907152
1906448
1907184
1906896
1906480
1906960
1906640
1906768
1906800
1906832
1906608
1906416
1906736
1906512
1906384
1906544
1906864
1906992
1906576
1907120
1907216
1906672
1906320
1906352
1906704
1907024
1907056
1932272
1931376
1932208
1930992
1931216
1931632
1931440
1930928
1931344
1931856
1931024
1931248
1931056
1932016
1931952
1931696
1931600
1931280
1931408
1932400
1931728
1932080
1932528
1931760
1930736
1932304
1932240
1930768
1931472
1932336
1931984
1931504
1932592
1930832
1931792
1931312
1931920
1932368
1931536
1931888
1932048
1932432
1932112
1932144
1931664
1930864
1930800
1930704
1930896
1931568
1931824
1931088
1930960
1932464
1932176
1932496
1932560
1932624
1931184
1931120
1931152
1932928
1933344
1932992
1933536
1933504
1933920
1933024
1933056
1933728
1934112
1934336
1933696
1934176
1934080
1934432
1933280
1932768
1933568
1934240
1934368
1934144
1934304
1933088
1934400
1933600
1934464
1934560
1934496
1934624
1933120
1934208
1933632
1934272
1933472
1933952
1934528
1933376
1934592
1934656
1933760
1933664
1933984
1934688
1933792
1932864
1932800
1932832
1933152
1933440
1932896
1932960
1933184
1933216
1933312
1933248
1933408
1933824
1933888
1933856
1934016
1934048
1936208
1935056
1936432
1935600
1934960
1935088
1934928
1935184
1935152
1936624
1935312
1936240
1935248
1936272
1935664
1935920
1935024
1936080
1935280
1936368
1936176
1936752
1936144
1935856
1935984
1935376
1935824
1936016
1936464
1936048
1934992
1936304
1936400
1935120
1936496
1936336
1936720
1935216
1936112
1935344
1936528
1936656
1935408
1935952
1936560
1936592
1935760
1936688
1935440
1934832
1935472
1934864
1934896
1935504
1935536
1935568
1935632
1935696
1935728
1935792
1935888
1938592
1936928
1938112
1937664
1937536
1937408
1938528
1937696
1937792
1938624
1938688
1938368
1937248
1937600
1938048
1938240
1938080
1938464
1937568
1937504
1936960
1937632
1937120
1936896
1937056
1937472
1937952
1937280
1938144
1937312
1938656
1938496
1937728
1938272
1937760
1937152
1937824
1937920
1937184
1937856
1938400
1938816
1938176
1937024
1938560
1938720
1937088
1937888
1938752
1938304
1937984
1936992
1937344
1938208
1938016
1938432
1937216
1938336
1938784
1937376
1937440
1939280
1940208
1940240
1939472
1939184
1939984
1939536
1939376
1939056
1940720
1940176
1939760
1939920
1939792
1940464
1940560
1939152
1940432
1939312
1939120
1939568
1939216
1939728
1939696
1940112
1939248
1939344
1939952
1940304
1940528
1939888
1940368
1940272
1940624
1939504
1938960
1939824
1940496
1940592
1940336
1940656
1939408
1940688
1939856
1940752
1940784
1940816
1940848
1939440
1940400
1940016
1940880
1939664
1940144
1938992
1939600
1939024
1939088
1939632
1940048
1940080
1941120
1942240
1941024
1941792
1942560
1941888
1942208
1941824
1942272
1941056
1941152
1942944
1941088
1942400
1941216
1942304
1942848
1942784
1942336
1942592
1941408
1942816
1941952
1941312
1941440
1941280
1941536
1941504
1941184
1941728
1942624
1941664
1942656
1942080
1942368
1941472
1942496
1941696
1942880
1942688
1941248
1942720
1942432
1942528
1941920
1942464
1942752
1941344
1942912
1941568
1941376
1941600
1941856
1941632
1941760
1941984
1942016
1942048
1942112
1942144
1942176
1944240
1944816
1944656
1944016
1944688
1943248
1944848
1943536
1944880
1944304
1943504
1943984
1943568
1944336
1943824
1944368
1943344
1943856
1944720
1944784
1943120
1944400
1943888
1943728
1943600
1944752
1943920
1944048
1944912
1944944
1944560
1943440
1943792
1944272
1944432
1944464
1944976
1943760
1943696
1943152
1943952
1943312
1943088
1943280
1943664
1944144
1943472
1944496
1943632
1945008
1943184
1944080
1944528
1944112
1943376
1944176
1944208
1943408
1944592
1943216
1944624
1948128
1947520
1947648
1948768
1948704
1948032
1948256
1948320
1948288
1947936
1947488
1948224
1947584
1947456
1947744
1948352
1948512
1947552
1949024
1949216
1948608
1948864
1948736
1947616
1949056
1949088
1948416
1948928
1948000
1948832
1947680
1947808
1948384
1948064
1947712
1947968
1948480
1947776
1947840
1947872
1948672
1948576
1948448
1948544
1947904
1948096
1949120
1948640
1948800
1948160
1948896
1949152
1948192
1948960
1948992
1949184
1949248
1949280
1947264
1947296
1947328
1947360
1947392
1947424
1949760
1949440
1951168
1950592
1950176
1950336
1950208
1950880
1951008
1949504
1950848
1949664
1949472
1949920
1949536
1950144
1950080
1950528
1949568
1949632
1950368
1950720
1950944
1950272
1950816
1950752
1951072
1949856
1949312
1950112
1950912
1950976
1950656
1951040
1949600
1951104
1950240
1951136
1951200
1951232
1951264
1949696
1950784
1950048
1951296
1950016
1950496
1951328
1949888
1949344
1949376
1950304
1950400
1950560
1949408
1949728
1950624
1949792
1950432
1949824
1950464
1950688
1949952
1949984
1951392
1951424
1953312
1953376
1952640
1951456
1952544
1953120
1953056
1952576
1952832
1951584
1953088
1952192
1951488
1951648
1951520
1951744
1951712
1953248
1951872
1952864
1951808
1952896
1952256
1952512
1951616
1952672
1951840
1952992
1952800
1951360
1952768
1952448
1952608
1951936
1952416
1952704
1953152
1952736
1951552
1952928
1953024
1951680
1953184
1952960
1953344
1952384
1951776
1953216
1953280
1951904
1951968
1952000
1952032
1952064
1952320
1952096
1952128
1952160
1952224
1952288
1952352
1952480
1954368
1953888
1954720
1954208
1954752
1953696
1954240
1955040
1955200
1953440
1954688
1954272
1954080
1953952
1955136
1954304
1954336
1955232
1955296
1954944
1953792
1954144
1954624
1954848
1954656
1955072
1954112
1954048
1953472
1954176
1953664
1953408
1953504
1953920
1954432
1953728
1954592
1953760
1955168
1954976
1954400
1954784
1953984
1953568
1954464
1954496
1953600
1953632
1953824
1953856
1954528
1954560
1954016
1954816
1954912
1954880
1955008
1955104
1955264
1955328
1955360
1955392
1955424
1953536
1955648
1955936
1956448
1956704
1955680
1957216
1957408
1956800
1957056
1956928
1955776
1957248
1957280
1956608
1957120
1956192
1957024
1955808
1956000
1956416
1956256
1955712
1956128
1956672
1955744
1956032
1955840
1956864
1956768
1956512
1956480
1956064
1956224
1957312
1956544
1956896
1957376
1956576
1955520
1957152
1957088
1955552
1956160
1957184
1956832
1956320
1957440
1955616
1956960
1955872
1957344
1956288
1955584
1955904
1955968
1956096
1956352
1957472
1956384
1956992
1956640
1955456
1956736
1955488
1957728
1958816
1957984
1959136
1958944
1959520
1958912
1958592
1958720
1958080
1958560
1958752
1959232
1958784
1957664
1959008
1959168
1957760
1959200
1958976
1959488
1958528
1957504
1958656
1959040
1958688
1958048
1958848
1959328
1959264
1958464
1959296
1957696
1959360
1958016
1959392
1958880
1957952
1958496
1958112
1959072
1958304
1959104
1957792
1958336
1959424
1959456
1957536
1957568
1958368
1958176
1958144
1957600
1958400
1958432
1957632
1957824
1957856
1957888
1958240
1957920
1958208
1958272
1958624
1960160
1960128
1959584
1960256
1959776
1959552
1959680
1960064
1960544
1959872
1960704
1959904
1961184
1961056
1960192
1960832
1960096
1959744
1960384
1960512
1959808
1959840
1959936
1959968
1960416
1960448
1960000
1960032
1960992
1960928
1960320
1960576
1960608
1960640
1960224
1960288
1960480
1960352
1960672
1960736
1960768
1960800
1960864
1961248
1961408
1960896
1961088
1960960
1961024
1961280
1961312
1961120
1961152
1961216
1961344
1961376
1959616
1959648
1959712
1945440
1945888
1946432
1945504
1945760
1945568
1946624
1946528
1946272
1946176
1945792
1945952
1947008
1946304
1946656
1947136
1946336
1945280
1946880
1946816
1945312
1945920
1946912
1946592
1946080
1947200
1945376
1946368
1945824
1946496
1946976
1945984
1946464
1946688
1945632
1945856
1945600
1946560
1946720
1946016
1945472
1946400
1946048
1945664
1945344
1947072
1946752
1946112
1946240
1946144
1946784
1946944
1945408
1946848
1945696
1945536
1946208
1945728
1947040
1947104
1947168
1947232
1945216
1945248
9439904
9440384
9440864
9440768
9441120
9439968
9439456
9440192
9440928
9441024
9440800
9440992
9439680
9441056
9440224
9441152
9441248
9441088
9441312
9439712
9440832
9440256
9440896
9440160
9440608
9440960
9440032
9441184
9441216
9440416
9440352
9440640
9441280
9439584
9440704
9439488
9440288
9441344
9440448
9440672
9440320
9440736
9439520
9439616
9439552
9439648
9441376
9439776
9439744
9439808
9439840
9439872
9439936
9440000
9440064
9440096
9440480
9440128
9440512
9440544
9440576
9437536
9437792
9437760
9439296
9437920
9438880
9437856
9438912
9438304
9438560
9437632
9438720
9437888
9439040
9438848
9439424
9438816
9438496
9438624
9437984
9438464
9438656
9439136
9438688
9437568
9438944
9439072
9437664
9439104
9438976
9439392
9438432
9437408
9438592
9439008
9438752
9437952
9438784
9439232
9439168
9438368
9439200
9437600
9439264
9438016
9439328
9439360
9438048
9438400
9438080
9437440
9438208
9437472
9437696
9438240
9437504
9437728
9437824
9438112
9438272
9438144
9438176
9438336
9438528
9442752
9442272
9443360
9442880
9442144
9442784
9442976
9442816
9443200
9442208
9442176
9441600
9442304
9441792
9441536
9441632
9442048
9442560
9441824
9442720
9441856
9443264
9443104
9442240
9442848
9442080
9441696
9442400
9442528
9441728
9441760
9441888
9441920
9442432
9442464
9441952
9441984
9443040
9443008
9442336
9442592
9442624
9442656
9442368
9442016
9442496
9442112
9442688
9442912
9442944
9443072
9443136
9443296
9443488
9443168
9443232
9443328
9443392
9443424
9443456
9443520
9443552
9441568
9441664
9443904
9444128
9444544
9444384
9443808
9444256
9444800
9443872
9444160
9443936
9444992
9444896
9444640
9444576
9444192
9444320
9445376
9444672
9445024
9445504
9444704
9443648
9445248
9445184
9443680
9444288
9445280
9444960
9444448
9445568
9443744
9444736
9444224
9444864
9445344
9444352
9444832
9445056
9444000
9444416
9443968
9444928
9445088
9444480
9443840
9444768
9444512
9444032
9443712
9445440
9445120
9444608
9445152
9445216
9445312
9445408
9443776
9445472
9444064
9444096
9445536
9445600
9443584
9443616
9446176
9445792
9447264
9447168
9447552
9446112
9446592
9447136
9447040
9447392
9446208
9445632
9446400
9447200
9447296
9446976
9447232
9445824
9447328
9446432
9447360
9447488
9447424
9447584
9445888
9447072
9446368
9447104
9446336
9446816
9447456
9446240
9447520
9447616
9446624
9446560
9446848
9447648
9445760
9446912
9445664
9446464
9445696
9446528
9446880
9446496
9446944
9445728
9445856
9445920
9445952
9447008
9445984
9446016
9446048
9446080
9446144
9446272
9446304
9446656
9446688
9446720
9446752
9446784
9448768
9449216
9448352
9449152
9447968
9448192
9448576
9448416
9447904
9448288
9448832
9447936
9448160
9448000
9448992
9448896
9448640
9448608
9448224
9448384
9449344
9448704
9449024
9449472
9448736
9447712
9449248
9449184
9447744
9448448
9449280
9448960
9448480
9449536
9447808
9448672
9448256
9448864
9449376
9448320
9448928
9449056
9448064
9448512
9448032
9449088
9449120
9448544
9448096
9448800
9449312
9448128
9447776
9449408
9449440
9449504
9449568
9447680
9447840
9447872
9451248
9451152
9451376
9450544
9450192
9449904
9451632
9450288
9449936
9451408
9451280
9451664
9450224
9450704
9451312
9451184
9451504
9450320
9449744
9450512
9451344
9451440
9451088
9451472
9449968
9451536
9450576
9451568
9451600
9451696
9451728
9450000
9451216
9450480
9451760
9450448
9450928
9449776
9450352
9449808
9449840
9450736
9450672
9450960
9449872
9450032
9451024
9450064
9450608
9450096
9450640
9450992
9450768
9451056
9450128
9450160
9450256
9450384
9451120
9450416
9450800
9450832
9450864
9450896
9453264
9452016
9453488
9452624
9451920
9452080
9451952
9452176
9452144
9453680
9452304
9453296
9452240
9453328
9452688
9452944
9452048
9453104
9452272
9453424
9453232
9453808
9453200
9452880
9453008
9452368
9452848
9453040
9453520
9453072
9451984
9453360
9453456
9452112
9453552
9453392
9453776
9452816
9451792
9452976
9453584
9453136
9452336
9453168
9453616
9453648
9452752
9453712
9452208
9453744
9452400
9451824
9451856
9452432
9452784
9452464
9451888
9452592
9452496
9452528
9452656
9452560
9452720
9452912
9455120
9454640
9454512
9454384
9455568
9454352
9454736
9455056
9454576
9455664
9455184
9454448
9455088
9455280
9455152
9455504
9454544
9454480
9453904
9454608
9454096
9453840
9453936
9454416
9454864
9454128
9455024
9454160
9455600
9455408
9454672
9455216
9454704
9454000
9454768
9454832
9454032
9454064
9454192
9454224
9454800
9454896
9454256
9454288
9455344
9455312
9454928
9454960
9454992
9455248
9455376
9454320
9455440
9455472
9455536
9455632
9455696
9455728
9453968
9455760
9455792
9455824
9455856
9453872
9457296
9457456
9456240
9457328
9457200
9457424
9456624
9456304
9456016
9457648
9456368
9456048
9457488
9457360
9457680
9456336
9456784
9457392
9457232
9457552
9456400
9455888
9456656
9457520
9457584
9457168
9457616
9456112
9457712
9456688
9457744
9457776
9455920
9455952
9456208
9455984
9456816
9456080
9456848
9457264
9456144
9456720
9456176
9456272
9456432
9456464
9456496
9456528
9456752
9456560
9456592
9456880
9456912
9456944
9456976
9457008
9457040
9457072
9457104
9457136
9461472
9461760
9460256
9461792
9461696
9461216
9461504
9460224
9461728
9460832
9460128
9460288
9460160
9460384
9460352
9461888
9460512
9461536
9460448
9461568
9460896
9461152
9460320
9461312
9460480
9461632
9461440
9462016
9461408
9461088
9461248
9460576
9461056
9461280
9461824
9461344
9460192
9461600
9461664
9460416
9461856
9461920
9461984
9461024
9460000
9461184
9461952
9461376
9460544
9460032
9460064
9460096
9460960
9460608
9460640
9460672
9460704
9460736
9460768
9460800
9460992
9460864
9460928
9461120
9463392
9462336
9462848
9463680
9463840
9462080
9463328
9462880
9462720
9462592
9463776
9462560
9462944
9463264
9462784
9463872
9463424
9462656
9463296
9463488
9463360
9463712
9462752
9462688
9462112
9462816
9462304
9462048
9462144
9462624
9463072
9462368
9463232
9462400
9463808
9463616
9462912
9463456
9462976
9462208
9463008
9463040
9462240
9462272
9462432
9462464
9463104
9463136
9462496
9462528
9463552
9463520
9463168
9463200
9463584
9463648
9463744
9463904
9463936
9463968
9464000
9464032
9464064
9462176
9464288
9465760
9465920
9465344
9465600
9465472
9464384
9465792
9465824
9465184
9465632
9464768
9465568
9464416
9464608
9464992
9464832
9464320
9464704
9465248
9464352
9464576
9464448
9465408
9465312
9465056
9465024
9464640
9464800
9465856
9465120
9465440
9465888
9465152
9464128
9465664
9465696
9464160
9464864
9465728
9465376
9464896
9465952
9464224
9465088
9464672
9465280
9465984
9464736
9465504
9465536
9464480
9464928
9464512
9464096
9464192
9464960
9464544
9464256
9465216
9459264
9458432
9459584
9459392
9459968
9459360
9459040
9459168
9458528
9459008
9459200
9459680
9459232
9458112
9459456
9459616
9458208
9459648
9459424
9459936
9458976
9457952
9459104
9459488
9459136
9458496
9459296
9459776
9459712
9458912
9459744
9458144
9459808
9458464
9459840
9459328
9458400
9458944
9458560
9459520
9458752
9459552
9458240
9458784
9459872
9459904
9457984
9458016
9458816
9458624
9458592
9458048
9458656
9458848
9458080
9458688
9458176
9458272
9458720
9458304
9458336
9458368
9458880
9459072
9466800
9466832
9467376
9466160
9466224
9466672
9467184
9466448
9467344
9466480
9467888
9467728
9466864
9467472
9466704
9466320
9467024
9467152
9466352
9466384
9466416
9466512
9467056
9467088
9466544
9466576
9467664
9467600
9466928
9467216
9467248
9467280
9466896
9466608
9467120
9466640
9466736
9466768
9467312
9467408
9466960
9467920
9468112
9467504
9467760
9467632
9466992
9467952
9467984
9467440
9467824
9467536
9467792
9467568
9467696
9467856
9468016
9468048
9468080
9468144
9468176
9466192
9466256
9466288
9469520
9469264
9469168
9468752
9468944
9470000
9469296
9469648
9470128
9469328
9468272
9469872
9469808
9468304
9468912
9469904
9469584
9469072
9470192
9468368
9469360
9468784
9469488
9469968
9468880
9469424
9469616
9468624
9468816
9468560
9469552
9469680
9468848
9468432
9469392
9468976
9468656
9468336
9470064
9469712
9469104
9469232
9469136
9469744
9469936
9468592
9469776
9469840
9470032
9469008
9468688
9468400
9470096
9469040
9468464
9470160
9470224
9468208
9468720
9469200
9468240
9468496
9468528
9469456
9470256
9471024
9471792
9471888
9471600
9471824
9470448
9471856
9471056
9471984
9472112
9471920
9472176
9470512
9471664
9470992
9471696
9470960
9471440
9471952
9470832
9471728
9471760
9471248
9471184
9471472
9472016
9470384
9471536
9470288
9471088
9472048
9471152
9471504
9471120
9472080
9470736
9470576
9471216
9472144
9472208
9472240
9470544
9472272
9470320
9471568
9470352
9470480
9470416
9471280
9470608
9470640
9470672
9470704
9470768
9470800
9470864
9470896
9470928
9471312
9471344
9471408
9471376
9471632
9473616
9473008
9473648
9472976
9473424
9473744
9472816
9473680
9473712
9473232
9473168
9473456
9473936
9472400
9473488
9472304
9473040
9473808
9473200
9473520
9473104
9473968
9472784
9472624
9473072
9474000
9473776
9474032
9472560
9474064
9474096
9473552
9473840
9472592
9474128
9473136
9472464
9472656
9472432
9472688
9472720
9474160
9472848
9473872
9472752
9473904
9473264
9473584
9472528
9474192
9472880
9472336
9472368
9472496
9472912
9472944
9473296
9473328
9473360
9473392
9477056
9476832
9478368
9477824
9477088
9477856
9477792
9477760
9477472
9478432
9477600
9477952
9477632
9476992
9477664
9478272
9478080
9477408
9478144
9476608
9478304
9476928
9478336
9477728
9476896
9477440
9476960
9477888
9477248
9477920
9476736
9477280
9478112
9478240
9476480
9477984
9477312
9477120
9477024
9478176
9477152
9477344
9477696
9477184
9478400
9478016
9477216
9478048
9476864
9478208
9478464
9476448
9477376
9477504
9477536
9476512
9476544
9476576
9477568
9476640
9476768
9476672
9476800
9476704
9480064
9479136
9479808
9479040
9478656
9479360
9479488
9478688
9478720
9478752
9478784
9479392
9479424
9478816
9478880
9480000
9479936
9479264
9479520
9479552
9479584
9479168
9478848
9479456
9478912
9478944
9478976
9479616
9479744
9479008
9480256
9480448
9479840
9480096
9479968
9479072
9480288
9480320
9479648
9480160
9479232
9480128
9479104
9479200
9479680
9479296
9479328
9479712
9479776
9479872
9479904
9480032
9480192
9480224
9480352
9480384
9480416
9480480
9480512
9478496
9478528
9478560
9478592
9478624
9482208
9482144
9480608
9481248
9482240
9481920
9481408
9482528
9480704
9481600
9481120
9481824
9482304
9481216
9481760
9481952
9480960
9481152
9480896
9481856
9481888
9481088
9480768
9481632
9481184
9480992
9480672
9482400
9481984
9481440
9481568
9481472
9482048
9482272
9480928
9482080
9482016
9482176
9481344
9481024
9480736
9482432
9481280
9480800
9482336
9482112
9482464
9481056
9481504
9482368
9482496
9482560
9481312
9480544
9481376
9480576
9480640
9480832
9480864
9481536
9481664
9481696
9481728
9481792
9484192
9484512
9483904
9483648
9483552
9483136
9483328
9484384
9483680
9484032
9484544
9483712
9482656
9484256
9484224
9482688
9483296
9484288
9483968
9483456
9484576
9482752
9483744
9483168
9483872
9484352
9483264
9483808
9484000
9483008
9483200
9482944
9483936
9484064
9483232
9482816
9483776
9483360
9483040
9482720
9484448
9484096
9483488
9483616
9483520
9484128
9484320
9482976
9484160
9484416
9484480
9483392
9483072
9482784
9484608
9483424
9482848
9482592
9482624
9482880
9483104
9483584
9482912
9483840
9486400
9485184
9484640
9485408
9486176
9486272
9485984
9486208
9484832
9486240
9485440
9486368
9486496
9486304
9486560
9484896
9486048
9485376
9486080
9485344
9485824
9486336
9485216
9486112
9486144
9485632
9485568
9485856
9486432
9484768
9485920
9484672
9485472
9486464
9485536
9485888
9485504
9486528
9485120
9484960
9485600
9486592
9486624
9486656
9484928
9484704
9484736
9485952
9484800
9484864
9484992
9485664
9485024
9485056
9485088
9485152
9485248
9485280
9485312
9485696
9485728
9485760
9485792
9486016
9486912
9488000
9487168
9488320
9488128
9488704
9488096
9487776
9487904
9487264
9487744
9487936
9488416
9487296
9487072
9488608
9488064
9487328
9488160
9488032
9488192
9487712
9488672
9487840
9488224
9487872
9487232
9487968
9488512
9488352
9487648
9488384
9486848
9488544
9487200
9488576
9488256
9487136
9487680
9487360
9488288
9487488
9488448
9486976
9487520
9488480
9488640
9486720
9486688
9487552
9487392
9487424
9486752
9487456
9487584
9486784
9487616
9486816
9486880
9487808
9486944
9487104
9487008
9487040
9490080
9489312
9489344
9489376
9489856
9488736
9488832
9489216
9489696
9489024
9489888
9489056
9490336
9490208
9489408
9489984
9489248
9488896
9489536
9489664
9488928
9488960
9488992
9489088
9489568
9489600
9489120
9489152
9490144
9490112
9489472
9489728
9489760
9489792
9489440
9489184
9489632
9489280
9489504
9489824
9489920
9489952
9490016
9490400
9490560
9490048
9490240
9490176
9490272
9490432
9490464
9490304
9490368
9490496
9490528
9490592
9488768
9488800
9488864
9474624
9475072
9475616
9474688
9474944
9474752
9475808
9474720
9474592
9474880
9475392
9475648
9474656
9476160
9476352
9475744
9476000
9475872
9474784
9476192
9476224
9475552
9476064
9475136
9475968
9474816
9474976
9475360
9475200
9474848
9475104
9475680
9474912
9475008
9475040
9475840
9475712
9475456
9475424
9475168
9475232
9476256
9475488
9475904
9476320
9475520
9474464
9476096
9476032
9474496
9475264
9476128
9475776
9475296
9476384
9474560
9475584
9475328
9475936
9476288
9476416
9474400
9474432
9474528
9492496
9491184
9491408
9492400
9491920
9492432
9491440
9491248
9490928
9492656
9492080
9491664
9491824
9491696
9492304
9492464
9491216
9492336
9492208
9492528
9491600
9491280
9490960
9492688
9491344
9490992
9492560
9492368
9492720
9491312
9491760
9492592
9492240
9492624
9491376
9490800
9491568
9492752
9492784
9492144
9492816
9491024
9490832
9491632
9490864
9490896
9491056
9491088
9491120
9492272
9491536
9491152
9491504
9491984
9491472
9491728
9491792
9491856
9491888
9491952
9492016
9492048
9492112
9492176
9492880
9493616
9494416
9493744
9494064
9493680
9494544
9493328
9493168
9493648
9494576
9494320
9494608
9493104
9494640
9494672
9494096
9494352
9493072
9494704
9493712
9492976
9493136
9493008
9493232
9493200
9494736
9493360
9494384
9493296
9494448
9493776
9494000
9493264
9494160
9493392
9494480
9494288
9494864
9494256
9493936
9494128
9493424
9493904
9494192
9494768
9493456
9493488
9494800
9494224
9493520
9494512
9494832
9492848
9493872
9492912
9494032
9492944
9493040
9493552
9493584
9493808
9493840
9493968
9496592
9495056
9496720
9495376
9496784
9496176
9495344
9495856
9495408
9496208
9495696
9496240
9495184
9495728
9496528
9496688
9494928
9496272
9495760
9495568
9495440
9496624
9495472
9495792
9496112
9495632
9496752
9496304
9495504
9496144
9495280
9496560
9496368
9496400
9495536
9495600
9495664
9496336
9494896
9494960
9495824
9495920
9495216
9496080
9495248
9496656
9496464
9495888
9496432
9495952
9495088
9495984
9496016
9495120
9495152
9495312
9496048
9496496
9496816
9496848
9496880
9496912
9494992
9495024
9497936
9498000
9497968
9497616
9497168
9497904
9498576
9498288
9498512
9497136
9498544
9497712
9498672
9498800
9498608
9498864
9497200
9498352
9497680
9498384
9497648
9498128
9498480
9497520
9498416
9498448
9498032
9497872
9498160
9498704
9497072
9498224
9496976
9497744
9498640
9497840
9498192
9497776
9498736
9497424
9497264
9497808
9498768
9498832
9498896
9497232
9498928
9498960
9498256
9496944
9497296
9497008
9498064
9497104
9497328
9497360
9497392
9497456
9497040
9497488
9497552
9497584
9498096
9498320
9500144
9499216
9500304
9499472
9500624
9500432
9501008
9500400
9500080
9500208
9499568
9500048
9500240
9500720
9499600
9499376
9500912
9500368
9499632
9500464
9500336
9500496
9500016
9500976
9500176
9500528
9500272
9499536
9500560
9500816
9500656
9499952
9500688
9499152
9500848
9499504
9500880
9500592
9499440
9499984
9499664
9500752
9499792
9500784
9499280
9499824
9500944
9498992
9499024
9499056
9499856
9499696
9499728
9499088
9499760
9499888
9499120
9499920
9499184
9499248
9500112
9499312
9499408
9499344
9502512
9502544
9501680
9501712
9501744
9502256
9501040
9501104
9501552
9502064
9501328
9502224
9501360
9502768
9502608
9501776
9502352
9501584
9501200
9501904
9502032
9501232
9501264
9501296
9501392
9501936
9501968
9501424
9501456
9502576
9502480
9501808
9502096
9502128
9502160
9501840
9501488
9502000
9501520
9501616
9501648
9502192
9502288
9501872
9502800
9502992
9502384
9502640
9502672
9502320
9502832
9502864
9502416
9502704
9502448
9502736
9502896
9502928
9502960
9503024
9503056
9501072
9501136
9501168
9503632
9503440
9504496
9504400
9504144
9504048
9503664
9503824
9504880
9504176
9504528
9505008
9504208
9503152
9504752
9504688
9503184
9503792
9504784
9504464
9503952
9505072
9503248
9504240
9503696
9504368
9504848
9503760
9504304
9504560
9504656
9503536
9504816
9503472
9503728
9504720
9504272
9504912
9503856
9503568
9503216
9504944
9504432
9503984
9504112
9504016
9504592
9504976
9503504
9504624
9505040
9505104
9503888
9503600
9503280
9503088
9503920
9503312
9503120
9503344
9503376
9504080
9504336
9503408
9506416
9506768
9505616
9505136
9505872
9506576
9506928
9505648
9506064
9506544
9506448
9506800
9505680
9505168
9505904
9506608
9506704
9506480
9506640
9505360
9506672
9505936
9506832
9506896
9506736
9506960
9505424
9506512
9505968
9506864
9505840
9506288
9506992
9505712
9505200
9505232
9506160
9506096
9506352
9505264
9505392
9505296
9505328
9506192
9505456
9506320
9505488
9506256
9505520
9506000
9506032
9506384
9505552
9505584
9505744
9506128
9505776
9505808
9506224
9510720
9510592
9512032
9510272
9510560
9510400
9510656
9510624
9512160
9510784
9511744
9510752
9511776
9511168
9511424
9510496
9511584
9510816
9511904
9511712
9512288
9511680
9511360
9511488
9510848
9511328
9511520
9512000
9510880
9510688
9512192
9511648
9510912
9511808
9511616
9511840
9511296
9512256
9511456
9511872
9511552
9510944
9511936
9512096
9511968
9511232
9512064
9510432
9512128
9510976
9512224
9510304
9511008
9511264
9511040
9510336
9511072
9510368
9511104
9511136
9510464
9510528
9511200
9511392
9513120
9512992
9512864
9514048
9512832
9513216
9513536
9513056
9514144
9513664
9512928
9513568
9512704
9513984
9513792
9513824
9512960
9513024
9513088
9513600
9512320
9512384
9512896
9513344
9512608
9513504
9512640
9514080
9513888
9513152
9513632
9513184
9512480
9513248
9513312
9512512
9512544
9512576
9512672
9513280
9513376
9512736
9512768
9513856
9513760
9513408
9513440
9513472
9513696
9513728
9512800
9513920
9513952
9514016
9514112
9514176
9514208
9514240
9514272
9514304
9514336
9512352
9512416
9512448
9516160
9516192
9515520
9516032
9515104
9515936
9514688
9514912
9515328
9515168
9514592
9515040
9515584
9514656
9514944
9514720
9515776
9515680
9515424
9515360
9514976
9515136
9516224
9515456
9515808
9516288
9515488
9514432
9516064
9515968
9514464
9515072
9516096
9515744
9515232
9516352
9514528
9515552
9515008
9515648
9516128
9515200
9515616
9515840
9516000
9514816
9516256
9514752
9515264
9516320
9515712
9516384
9515296
9514848
9514496
9514368
9515872
9515392
9515904
9514400
9514560
9514624
9514784
9514880
9517824
9518048
9517216
9516864
9516576
9518304
9516960
9516608
9518080
9517952
9517120
9518112
9517792
9517280
9518400
9516640
9517472
9516992
9517696
9518176
9517088
9517632
9517856
9517984
9516896
9518144
9516800
9517024
9518016
9517536
9518208
9517056
9516928
9516544
9518272
9517728
9517312
9517440
9517344
9517920
9518240
9516832
9518336
9517888
9518368
9517248
9517152
9516672
9518432
9517184
9516704
9516416
9516448
9516480
9517376
9517408
9516512
9516736
9516768
9517504
9517568
9517600
9517664
9517760
9519808
9520032
9518656
9520064
9519232
9520192
9520320
9520096
9520384
9518720
9519872
9519200
9519904
9519168
9519648
9520000
9519040
9519936
9519968
9519456
9519392
9519680
9520224
9518592
9519744
9518496
9519264
9520128
9519360
9519712
9519296
9520160
9518944
9518784
9519328
9520256
9520288
9520352
9518752
9518560
9519520
9520416
9519776
9518912
9518816
9520448
9518464
9518848
9518624
9518880
9518976
9520480
9519008
9518528
9519072
9518688
9519424
9519616
9519104
9519840
9519136
9519488
9519552
9519584
9521920
9521600
9521728
9521088
9521568
9521760
9522240
9521120
9520896
9522432
9521888
9521152
9521952
9521856
9521824
9521536
9522496
9521664
9522016
9521696
9521056
9521792
9522336
9522144
9521472
9522208
9520672
9522368
9520992
9522400
9521984
9520960
9521504
9521024
9522048
9521312
9522080
9520800
9521344
9522176
9522304
9520544
9522112
9521376
9521184
9521216
9522272
9521248
9521408
9522464
9521280
9522528
9520512
9521440
9520576
9520928
9520608
9520640
9520704
9521632
9520736
9520768
9520832
9520864
9522624
9523008
9523488
9522816
9523648
9522848
9524128
9524000
9523136
9523776
9523040
9522688
9523328
9523456
9522720
9522752
9522784
9522880
9523360
9523392
9522912
9522944
9523936
9523872
9523264
9523520
9523552
9523584
9523168
9522976
9523424
9523072
9523104
9523200
9523616
9523712
9523232
9524192
9524352
9523808
9524032
9523904
9523296
9524224
9524256
9523680
9524064
9523744
9524096
9523840
9523968
9524160
9524288
9524320
9524384
9524416
9522560
9522592
9522656
9509632
9509536
9509280
9509184
9508768
9508960
9510016
9509312
9509664
9510144
9509344
9508288
9509888
9509824
9508320
9509568
9509600
9509248
9510208
9509376
9509728
9509408
9508800
9509440
9510048
9509856
9509216
9509920
9508384
9510080
9508704
9510112
9509504
9508672
9509472
9508736
9509696
9509024
9509760
9508512
9509056
9509952
9510176
9508256
9509792
9509088
9508896
9508832
9509984
9508864
9509120
9510240
9508992
9508224
9508352
9508928
9508416
9508608
9508448
9508480
9508544
9509152
9508576
9508640
9527728
9528080
9528144
9527568
9528592
9528112
9528208
9527120
9528432
9527504
9528176
9527408
9527024
9527760
9527856
9527056
9527088
9527152
9527184
9527792
9527824
9527216
9527248
9528368
9528304
9527632
9527888
9527920
9527952
9527536
9527280
9527984
9527312
9527344
9527376
9528016
9528240
9527440
9528624
9528816
9528272
9528464
9528336
9527472
9528656
9528688
9528048
9528528
9527600
9528496
9527664
9527696
9528400
9528560
9528720
9528752
9528784
9528848
9528880
9526864
9526896
9526928
9526960
9526992
9529456
9529648
9530704
9530000
9530352
9530832
9530032
9528976
9530576
9530512
9529008
9529616
9530608
9530288
9529776
9530896
9529072
9529968
9529488
9530192
9530672
9529584
9530128
9530320
9530480
9529360
9530640
9529296
9529520
9530544
9530064
9530736
9529552
9529392
9529040
9530768
9530224
9529808
9529936
9529840
9530416
9530800
9529328
9530448
9530384
9530864
9529712
9529424
9529104
9530928
9529680
9529136
9528912
9528944
9529168
9529744
9529872
9529200
9529232
9529264
9529904
9530096
9530160
9530256
9532592
9532304
9532528
9531152
9532560
9531728
9532688
9532816
9532624
9532880
9531216
9532368
9531696
9532400
9531664
9532144
9532496
9531536
9532432
9532464
9531952
9531888
9532176
9532720
9531088
9532240
9530992
9531760
9532656
9531856
9532208
9531792
9532752
9531440
9531280
9531824
9532784
9532848
9532912
9531248
9531056
9532016
9532944
9532272
9531408
9531312
9532976
9530960
9531344
9531120
9531376
9531472
9531024
9531504
9531184
9531568
9531600
9531920
9532112
9531632
9532336
9531984
9532048
9532080
9535024
9534416
9534096
9534224
9533584
9534064
9534256
9534736
9533616
9533392
9534928
9534384
9533648
9534448
9534800
9534832
9534160
9534672
9533744
9534576
9533328
9533552
9533968
9533808
9533232
9533680
9534288
9533296
9533712
9533360
9534480
9534320
9534128
9534000
9533776
9533840
9534864
9534192
9534512
9534960
9534352
9533072
9534704
9534608
9533104
9533872
9534768
9534544
9533904
9534992
9533168
9534640
9533936
9534896
9533008
9534032
9533040
9533136
9533200
9533456
9533264
9533424
9533488
9533520
9536176
9536656
9535664
9535504
9535184
9536912
9536336
9535920
9536080
9535952
9536560
9536720
9535440
9536592
9536464
9536688
9535856
9535536
9535216
9536944
9535600
9535248
9536752
9536624
9536976
9535568
9536016
9536784
9536496
9536816
9535632
9535056
9535824
9536848
9536880
9536400
9537008
9535280
9537040
9535888
9537072
9535088
9535120
9535152
9535312
9536528
9535792
9535344
9535760
9536240
9535376
9535696
9535408
9535472
9536048
9535984
9536272
9535728
9536112
9536368
9536144
9536208
9536304
9536432
9538320
9537936
9538800
9537584
9537424
9537904
9538832
9538576
9538864
9537360
9537200
9538160
9538736
9538416
9537552
9537456
9538896
9537104
9537392
9537232
9537488
9537520
9538992
9537616
9538608
9537648
9538640
9538000
9538256
9537328
9538448
9537680
9538768
9538544
9539120
9538512
9538192
9538352
9537712
9538224
9538384
9538928
9537744
9537776
9539024
9538480
9537808
9538672
9538704
9538960
9538128
9539088
9538288
9539056
9537136
9537840
9537168
9537264
9537296
9538064
9537872
9537968
9538032
9538096
9541040
9540432
9539600
9540112
9539632
9540464
9539952
9540496
9539440
9539984
9540784
9540944
9539184
9540528
9540016
9539824
9539696
9540880
9539664
9540048
9540368
9539888
9540976
9540560
9539760
9540400
9539536
9540816
9540624
9540656
9539792
9539856
9539920
9540592
9540080
9540688
9540720
9540144
9540912
9540752
9540848
9539408
9541008
9540176
9541072
9539728
9539312
9540208
9540240
9539344
9539376
9539472
9539504
9540272
9540304
9539568
9540336
9541104
9541136
9541168
9539152
9539216
9539248
9539280
9541424
9542160
9541520
9541392
9541680
9542192
9542448
9541456
9542960
9543152
9542544
9542800
9542672
9541552
9543120
9542576
9541808
9542608
9542640
9542512
9542224
9543184
9542352
9542704
9542384
9541744
9542416
9543024
9542832
9542256
9542896
9541360
9543056
9541712
9543088
9542480
9541648
9542288
9541776
9542736
9542000
9542768
9541488
9542032
9542864
9542992
9541232
9542928
9542064
9541872
9541840
9543216
9541904
9542096
9541200
9541936
9541264
9541296
9541968
9541328
9541584
9541616
9542128
9542320
9543888
9543920
9543952
9544464
9544112
9544496
9544528
9543984
9544976
9544560
9544592
9543504
9544816
9544016
9544624
9543792
9543408
9544144
9544240
9543440
9543472
9543536
9543568
9544176
9544208
9543600
9543632
9544752
9544688
9544048
9544272
9544304
9544336
9544080
9543664
9544368
9543696
9543728
9543760
9544400
9544656
9543824
9545008
9545200
9544720
9544848
9544784
9543856
9545040
9545072
9544432
9544912
9544880
9544944
9545104
9545136
9545168
9545232
9545264
9543248
9543280
9543312
9543344
9543376
9546704
9546608
9546352
9546256
9545840
9546032
9547088
9546384
9546736
9547216
9546416
9545360
9546960
9546896
9545392
9546000
9546992
9546672
9546160
9547280
9545456
9546448
9545872
9546576
9547056
9545968
9546512
9546768
9546864
9545744
9547024
9545680
9545904
9546928
9546480
9547120
9545936
9545776
9545424
9547152
9546640
9546192
9546320
9546224
9546800
9547184
9545712
9546832
9547248
9547312
9546096
9545808
9545488
9545296
9546064
9545520
9545328
9545552
9545584
9546128
9546288
9545616
9545648
9546544
9547888
9547344
9548112
9548880
9548976
9548688
9548912
9547536
9548944
9548144
9549072
9549200
9549008
9549264
9547600
9548752
9548080
9548784
9548048
9548528
9549040
9547920
9548816
9548848
9548336
9548272
9548560
9549104
9547472
9548624
9547376
9548176
9549136
9548240
9548592
9548208
9549168
9547824
9547664
9548304
9549232
9549296
9549328
9547632
9547440
9548400
9549360
9548656
9547792
9547696
9547408
9547504
9547728
9547568
9547760
9547856
9547952
9547984
9548016
9548368
9548432
9548464
9548496
9548720
9550704
9549872
9551024
9550832
9551408
9550800
9550480
9550608
9549968
9550448
9550640
9551120
9550000
9549776
9549808
9550032
9550992
9550512
9551056
9550064
9549840
9549520
9551248
9550672
9550256
9550416
9550288
9550896
9551088
9549904
9550928
9550864
9551152
9550192
9549936
9549552
9551280
9550096
9549584
9551184
9550960
9551312
9550128
9550352
9551216
9551344
9551376
9550160
9549392
9550224
9549424
9549456
9550736
9549488
9549616
9549648
9550320
9549680
9549712
9549744
9550384
9550544
9550576
9550768
9552848
9552144
9552624
9552976
9552016
9552880
9552912
9552432
9552368
9552656
9553168
9551568
9552720
9551472
9552208
9553008
9552336
9552688
9552272
9553136
9551920
9551760
9552240
9553200
9552944
9553232
9551696
9551536
9552496
9553072
9552752
9551888
9551792
9553264
9551440
9551728
9551600
9551824
9551856
9553328
9551952
9553040
9551984
9553104
9552400
9552592
9551664
9552784
9552048
9553296
9553360
9553456
9553392
9552528
9552816
9552080
9552560
9553424
9551504
9552112
9552176
9551632
9552304
9552464
9554864
9554832
9554800
9554512
9555472
9554640
9554992
9554672
9554032
9554704
9555312
9555120
9554448
9555184
9553648
9555344
9553968
9555376
9554768
9553936
9554480
9554000
9554896
9554288
9554928
9553776
9554320
9555152
9555280
9553520
9554960
9554352
9554160
9554064
9555216
9554096
9554384
9554736
9554224
9555408
9555024
9554128
9555056
9553872
9555248
9555088
9555440
9554192
9554256
9554416
9555504
9554544
9553488
9553552
9554576
9553584
9553616
9553680
9553744
9553712
9554608
9553808
9553840
9553904
9556400
9556528
9555696
9555760
9555728
9555824
9556432
9556464
9555792
9555920
9557040
9556976
9556304
9556560
9556592
9556624
9556208
9555856
9556496
9555888
9555952
9556016
9556656
9556784
9555984
9557296
9557488
9556880
9557136
9557008
9556048
9557328
9557360
9556688
9557200
9556272
9557104
9556080
9556112
9556720
9556336
9556144
9556240
9556752
9556176
9556368
9556816
9556944
9556848
9556912
9557072
9557168
9557232
9557392
9557264
9557424
9557456
9557520
9555600
9557552
9555536
9555632
9555568
9555664
9558960
9558448
9559568
9557744
9558640
9558160
9558864
9559344
9558256
9558800
9558992
9559152
9558032
9559280
9559024
9558352
9558576
9558672
9558608
9558288
9557808
9558544
9557904
9557776
9558064
9558704
9558832
9557840
9559376
9559536
9558928
9559184
9559056
9557936
9559408
9559440
9558736
9559248
9558320
9559216
9557968
9558128
9558768
9558384
9557872
9558416
9558896
9558000
9558192
9558096
9559088
9559120
9559312
9559472
9558224
9558480
9559504
9559600
9557584
9557616
9557648
9557680
9557712
9558512
9559696
9560336
9561296
9561008
9560496
9561616
9559792
9560688
9560208
9560912
9561392
9560304
9560848
9561040
9561200
9560080
9561328
9560016
9560240
9561232
9560752
9561264
9560272
9560112
9559760
9561488
9560944
9560528
9560656
9560560
9561136
9561360
9560048
9561168
9561072
9561424
9560432
9560144
9559824
9561520
9560176
9559856
9561456
9561552
9561584
9560368
9560592
9561648
9561104
9559632
9560400
9559664
9560464
9559728
9559888
9560976
9559920
9559952
9559984
9560624
9560720
9560784
9560816
9560880
9561936
9563088
9562416
9563120
9562384
9562864
9563216
9562256
9563152
9563184
9562672
9562608
9562896
9563408
9561808
9562960
9561712
9562448
9563248
9562576
9562928
9562512
9563376
9562160
9562000
9562480
9563440
9563280
9563472
9561968
9561776
9562736
9563312
9562992
9562128
9562032
9563504
9561680
9562064
9561840
9562096
9562192
9563568
9562224
9563344
9562288
9563536
9562640
9562832
9561904
9563024
9562320
9563600
9563632
9563696
9563664
9562768
9563056
9562352
9562800
9561744
9561872
9562544
9562704
9565648
9565104
9564336
9565136
9565072
9565040
9564752
9565712
9564880
9565232
9564912
9564272
9564944
9565552
9565360
9564688
9565424
9563888
9565584
9564208
9565616
9565008
9564176
9564720
9564240
9565168
9564528
9565200
9564016
9564560
9565392
9565520
9563760
9565264
9564592
9564400
9564304
9565456
9564368
9564624
9564976
9564464
9565680
9565296
9564432
9565328
9564112
9565488
9565744
9563728
9564496
9564656
9564784
9563792
9564816
9563824
9563856
9564848
9563920
9563952
9563984
9564048
9564080
9564144
9567088
9566320
9565936
9566640
9566768
9565968
9566000
9566032
9566064
9566672
9566704
9566096
9566160
9567280
9566512
9567600
9567120
9566384
9567024
9566192
9567440
9567248
9567312
9566416
9566448
9566480
9566992
9566736
9567056
9567152
9566544
9567504
9567184
9567216
9566128
9567344
9566576
9567376
9566352
9566224
9566800
9566832
9566256
9566288
9566608
9566864
9566896
9566928
9566960
9567408
9567472
9567536
9567568
9567632
9567664
9567696
9567728
9567760
9567792
9565776
9565808
9565840
9565872
9565904
9568016
9569584
9569776
9569168
9569424
9569296
9568144
9569616
9569648
9568976
9569488
9568560
9569392
9568176
9568368
9568784
9568624
9568048
9568496
9569040
9568112
9568400
9568208
9569232
9569136
9568880
9568816
9568432
9568592
9569680
9568912
9569264
9569744
9568944
9567888
9569520
9569456
9567920
9568528
9569552
9569200
9568688
9569808
9567984
9569008
9568464
9569104
9569712
9568656
9569072
9569328
9569840
9568272
9567824
9568240
9568720
9567856
9569360
9567952
9568752
9568304
9568080
9568336
9568848
9570736
9570896
9570768
9571376
9571536
9570256
9571408
9571280
9571504
9570672
9570320
9570032
9571760
9570416
9570064
9571568
9571440
9571792
9570352
9570832
9571472
9571312
9571632
9570448
9569872
9570640
9571600
9571664
9571216
9571696
9570096
9571728
9570704
9571824
9571856
9571888
9569904
9570128
9571344
9570608
9569936
9570576
9571056
9569968
9570480
9570000
9570160
9570864
9570800
9571088
9570192
9570224
9571152
9570288
9570928
9570384
9570960
9571120
9570992
9570512
9570544
9571024
9571184
9571248
9573392
9573680
9572176
9572016
9572976
9573552
9573232
9572368
9572240
9573712
9571920
9572208
9572048
9572304
9572272
9573808
9572432
9573424
9572400
9573456
9572816
9573072
9572144
9573264
9572464
9573584
9573360
9573936
9573328
9573008
9573136
9572496
9573040
9573168
9573648
9572528
9572336
9573840
9573296
9572560
9573488
9573520
9573616
9572944
9573904
9573104
9573744
9573200
9572592
9573776
9573872
9571952
9572880
9571984
9572080
9572112
9572624
9572656
9572688
9572720
9572912
9572752
9572784
9572848
9575312
9574256
9574768
9575600
9575760
9574000
9575248
9574800
9574640
9574512
9575696
9574480
9574864
9575184
9574128
9575024
9574544
9575280
9575728
9574672
9575216
9575344
9575536
9574416
9575664
9574352
9574576
9575568
9575088
9575632
9574608
9574448
9574096
9575824
9575376
9574832
9574992
9574896
9575472
9575792
9574384
9575504
9575408
9575856
9574928
9574704
9574160
9575888
9574736
9574192
9575920
9575952
9575984
9574960
9575056
9573968
9575440
9574032
9575120
9574064
9575152
9574224
9574288
9574320
9577584
9576208
9577616
9576784
9577744
9577872
9577648
9577936
9576272
9577424
9576752
9577456
9576720
9577200
9577552
9576592
9577488
9577520
9577008
9576944
9577232
9577776
9576144
9577296
9576048
9576816
9577680
9576912
9577264
9576848
9577712
9576496
9576336
9576880
9577808
9577840
9577904
9576304
9576112
9577072
9577968
9577328
9576464
9576368
9578000
9576016
9576400
9576176
9576432
9576528
9578032
9576560
9576080
9576624
9576240
9576976
9577168
9576656
9577360
9576688
9577040
9577104
9577136
9577392
9579152
9579280
9578640
9579120
9579312
9579792
9578672
9578448
9579984
9579440
9578704
9579472
9579408
9579376
9579088
9580048
9579216
9579568
9579248
9578608
9579344
9579888
9579696
9579024
9579760
9578224
9579920
9578544
9579952
9579504
9578512
9579056
9578576
9579536
9578864
9579600
9578352
9578896
9579728
9579856
9578096
9579632
9578928
9578736
9578768
9579824
9578800
9578960
9579664
9578832
9580016
9580080
9578992
9578064
9578480
9578128
9578160
9578192
9579184
9578256
9578288
9578320
9578384
9578416
9581392
9580816
9581840
9581328
9581456
9580368
9581680
9580752
9581424
9580656
9580272
9580976
9581104
9580304
9580336
9580400
9580432
9581008
9581040
9580464
9580496
9581616
9581552
9580880
9581136
9581168
9581200
9580784
9580528
9581072
9580560
9580592
9580624
9581232
9581360
9580688
9581872
9582064
9581488
9581712
9581584
9580720
9581904
9581936
9581264
9581776
9580848
9581744
9580912
9580944
9581296
9581520
9581648
9581808
9581968
9582000
9582032
9582096
9582128
9580112
9580144
9580176
9580208
9580240
9583952
9583248
9583600
9584080
9583280
9582224
9583824
9583760
9582256
9582864
9583856
9583536
9583024
9584144
9582640
9583792
9583632
9584176
9583568
9583312
9583376
9582736
9583216
9583408
9583888
9582768
9582544
9584112
9583664
9582800
9583696
9583504
9583472
9583184
9582160
9583344
9583728
9583440
9582704
9583920
9583984
9584016
9583120
9584048
9582320
9582192
9582672
9582288
9582352
9582608
9583152
9582832
9582384
9582960
9582416
9582448
9582992
9582480
9582512
9582576
9582896
9583056
9582928
9583088
9585936
9584720
9585104
9585424
9584944
9586032
9585552
9584816
9585456
9584592
9585872
9585680
9585712
9584848
9584880
9584912
9585488
9585072
9585520
9585584
9584976
9585968
9585616
9585648
9584464
9585776
9585008
9585744
9584752
9584368
9585136
9585200
9584400
9584432
9584496
9584528
9585168
9585232
9584560
9584624
9585808
9585840
9585040
9585264
9585296
9585328
9585360
9584656
9585392
9584688
9584784
9585904
9586000
9586064
9586096
9586128
9586160
9586192
9586224
9584208
9584240
9584272
9584304
9584336
9587920
9586992
9587824
9586576
9586800
9587216
9587056
9586480
9586928
9587472
9586544
9586832
9586608
9587664
9587568
9587312
9587248
9586864
9587024
9588048
9587344
9587696
9588176
9587376
9586320
9587952
9587856
9586352
9586960
9587984
9587632
9587120
9588240
9586416
9587408
9586896
9587536
9588016
9587088
9587504
9587728
9587888
9586704
9588080
9586640
9587152
9588112
9587440
9588144
9587184
9586736
9586384
9588208
9587600
9587280
9587760
9587792
9588272
9586256
9586672
9586288
9586448
9586512
9586768
9588752
9588464
9590192
9588848
9588496
9589936
9589840
9590224
9588784
9589264
9589808
9589712
9590064
9588880
9588304
9589072
9589872
9589968
9589648
9589904
9588528
9590000
9589104
9590032
9590160
9590096
9590256
9588560
9589744
9589040
9589776
9589008
9589488
9590128
9588912
9590288
9590320
9589296
9589232
9589520
9588336
9588432
9589584
9588368
9589136
9588400
9589200
9589552
9589168
9588592
9588816
9588624
9589328
9588656
9588688
9588720
9588944
9588976
9589360
9589392
9589616
9589424
9589456
9589680
9590352
9590640
9590480
9590736
9590704
9592240
9590864
9591824
9590800
9591856
9591248
9591504
9590576
9591664
9591088
9591760
9591056
9591536
9591888
9590928
9591792
9591920
9591344
9591280
9591568
9592080
9590512
9591632
9590384
9591120
9591952
9591312
9591600
9591184
9592048
9590832
9590672
9591152
9592112
9591984
9592144
9590608
9590448
9591408
9592016
9591696
9590896
9590768
9592176
9590416
9590960
9590544
9590992
9591024
9592272
9591216
9592208
9591376
9592304
9591440
9591728
9591472
9592336
9592368
9592720
9592688
9592784
9592656
9592624
9592752
9592496
9592592
9592400
9592432
9592560
9592528
9592464
9526192
9525424
9526224
9526160
9526128
9525840
9526800
9525968
9526320
9526000
9525360
9526032
9526640
9526448
9525776
9526512
9524976
9526672
9525296
9526704
9526096
9525264
9525808
9525328
9526256
9525616
9526288
9525104
9525648
9526480
9526608
9524848
9526352
9525680
9525488
9525392
9526544
9525456
9525712
9526064
9525552
9526736
9526384
9525520
9526416
9525200
9526576
9526768
9526832
9525584
9525744
9525872
9524816
9525904
9524880
9524912
9525936
9524944
9525008
9525040
9525072
9525136
9525168
9525232
9597728
9597760
9598976
9598048
9597376
9597344
9597440
9598080
9598016
9597408
9597536
9598656
9598592
9597920
9598144
9598208
9598176
9597824
9597472
9598112
9597504
9597568
9597632
9598240
9598400
9597600
9598912
9599104
9598496
9598752
9598624
9597664
9598944
9599008
9598304
9598816
9597888
9598720
9597696
9597792
9598272
9597952
9597856
9597984
9598368
9598336
9598432
9598464
9598560
9598528
9598688
9598784
9598848
9598880
9599040
9599072
9599136
9599168
9597152
9597216
9597184
9597248
9597280
9597312
9600864
9600576
9600064
9601184
9599360
9600256
9599776
9600480
9600960
9599872
9600416
9600608
9600768
9599648
9600896
9599584
9599808
9600800
9600320
9600832
9599840
9599680
9599328
9601056
9600512
9600096
9600224
9600128
9600704
9600928
9599616
9600736
9600640
9600992
9600000
9599712
9599392
9601088
9599744
9599424
9601024
9601120
9601152
9599904
9600160
9601216
9600672
9599200
9599936
9599232
9599968
9599264
9599296
9600544
9599456
9599488
9599520
9600032
9599552
9600192
9600288
9600352
9600384
9600448
9603072
9602880
9602208
9602944
9601408
9603104
9601728
9603136
9602528
9601696
9602240
9601760
9602560
9602048
9602592
9601536
9602080
9602912
9603040
9601280
9602624
9602112
9601920
9601792
9602976
9601824
9602144
9602464
9601984
9603168
9602656
9601856
9602496
9601632
9603008
9602720
9602752
9601888
9601952
9602016
9602688
9602176
9602784
9602816
9602272
9603200
9602848
9603232
9601504
9603264
9601568
9601248
9602304
9602336
9602368
9601312
9602400
9601472
9601440
9601600
9602432
9601344
9601664
9601376
9604800
9604736
9604064
9604288
9604352
9604320
9603968
9603520
9604256
9603616
9603488
9603776
9604384
9604544
9603552
9605056
9605248
9604640
9604896
9604768
9603648
9605088
9605120
9604448
9604960
9604032
9604864
9603680
9603840
9604416
9604096
9603584
9604000
9604512
9603712
9603872
9603744
9604704
9604608
9604480
9604576
9603904
9604128
9605152
9604672
9604832
9605216
9604928
9603360
9604992
9605024
9603392
9604160
9605184
9605280
9604192
9605312
9603456
9603296
9603936
9603328
9603424
9604224
9603808
9606720
9606912
9605792
9607040
9605728
9605952
9606944
9606464
9606976
9605984
9605824
9605472
9607200
9606624
9606208
9606368
9606240
9606848
9607008
9605760
9606880
9606752
9607072
9606144
9605856
9605504
9607232
9605888
9605536
9607104
9607136
9607264
9605920
9606304
9607168
9606784
9607296
9606016
9605344
9606112
9607328
9607360
9606688
9605376
9605568
9605408
9606176
9605440
9605600
9605632
9605664
9605696
9606816
9606080
9606048
9606272
9606528
9606336
9606400
9606432
9606496
9606560
9606592
9606656
9609120
9607520
9608672
9607424
9608160
9608960
9608288
9608608
9608224
9609088
9607872
9607712
9608192
9609152
9608864
9609184
9607648
9607488
9608448
9609024
9608704
9607840
9607744
9609216
9607392
9607680
9607552
9607776
9607808
9609280
9607904
9608896
9607936
9608928
9608320
9608544
9607616
9608736
9607968
9609056
9608832
9609408
9608800
9608480
9608640
9608000
9608512
9608768
9609248
9608032
9608064
9609312
9608992
9608096
9609344
9609376
9607456
9608416
9607584
9608576
9608128
9608256
9608352
9608384
9609920
9609760
9610240
9611136
9610912
9611200
9609696
9609536
9610496
9611072
9610752
9609888
9609792
9611232
9609440
9609728
9609568
9609824
9609856
9611328
9609952
9610944
9609984
9610976
9610336
9610592
9609664
9610784
9610016
9611104
9610880
9611456
9610848
9610528
9610656
9610048
9610560
9610688
9611168
9610080
9610112
9611360
9610816
9610144
9611008
9611040
9611264
9610464
9611424
9610624
9611296
9610720
9610176
9611392
9609472
9609504
9610400
9609600
9609632
9610208
9610272
9610304
9610368
9610432
9612448
9611968
9612800
9612288
9612832
9611776
9612320
9613120
9613280
9611520
9612768
9612352
9612160
9612032
9613216
9612000
9612384
9612704
9612224
9613312
9612864
9612096
9612736
9611872
9613152
9612960
9612992
9612128
9612192
9612256
9612896
9612416
9612928
9613024
9612480
9613248
9613056
9613088
9611744
9613184
9611808
9613344
9612512
9612064
9612544
9613376
9612576
9611712
9611680
9611840
9612608
9612640
9611904
9611936
9613408
9613440
9612672
9613472
9613504
9611488
9611552
9611584
9611616
9611648
9613728
9614016
9614528
9614784
9613760
9615296
9615488
9614880
9615136
9615008
9613856
9615328
9615360
9614688
9615200
9614272
9615104
9613888
9614080
9614496
9614336
9613792
9614208
9614752
9613824
9614112
9613920
9614944
9614848
9614592
9614560
9614144
9614304
9615392
9614624
9614976
9615456
9614656
9613600
9615232
9615168
9613632
9614240
9615264
9614912
9614400
9615520
9613696
9614720
9614176
9614816
9615424
9614368
9615040
9615072
9615552
9613984
9613536
9613952
9614432
9613568
9613664
9614048
9614464
9616032
9615712
9617440
9616864
9616448
9616608
9616480
9617088
9617248
9615968
9617120
9616992
9617216
9616384
9616064
9615744
9617472
9616128
9615776
9617280
9617152
9617504
9616096
9616544
9617184
9617024
9617344
9616160
9615584
9616352
9617312
9617376
9616928
9617408
9615808
9617536
9616416
9617568
9617600
9615616
9615648
9615840
9617056
9616320
9615680
9616288
9616768
9615872
9616192
9615904
9615936
9616576
9616512
9616800
9616000
9616224
9616896
9616256
9616640
9616672
9616704
9616832
9616736
9616960
9618976
9618240
9618880
9618016
9619296
9619104
9619136
9618272
9618304
9618336
9618848
9618496
9618912
9618944
9618368
9619360
9619008
9619040
9617888
9619200
9617920
9619328
9618656
9618208
9618400
9619456
9618528
9617856
9617824
9617952
9618560
9618592
9617984
9618048
9619168
9619072
9618432
9618624
9618688
9618720
9618464
9618080
9618752
9618112
9618144
9618176
9618784
9619232
9618816
9619392
9619584
9619264
9619424
9619488
9619520
9619552
9619616
9619648
9617632
9617664
9617696
9617728
9617760
9617792
9620480
9619904
9620352
9620896
9619968
9620224
9620032
9621088
9620992
9620736
9620640
9620256
9620416
9621472
9620768
9621120
9621600
9620800
9619744
9621344
9621280
9619776
9620384
9621376
9621056
9620544
9621664
9619840
9620832
9620288
9620960
9621440
9620448
9620928
9621152
9621248
9620128
9621408
9620064
9620320
9621312
9620864
9621504
9620512
9620160
9619808
9621536
9621024
9620576
9620704
9620608
9621184
9621568
9620096
9621216
9621632
9621696
9620672
9620192
9619872
9619680
9619712
9619936
9620000
9623264
9623648
9622208
9622688
9623232
9623136
9623488
9622272
9621728
9622496
9623296
9623360
9623072
9623328
9621920
9623392
9622528
9623456
9623584
9623424
9623680
9621984
9623168
9622464
9623200
9622432
9622912
9623520
9622304
9623552
9623616
9622720
9622656
9622944
9623712
9621856
9623008
9621760
9622560
9623744
9622624
9622976
9622592
9621792
9622240
9622048
9622752
9621824
9621888
9621952
9622016
9622080
9622784
9622112
9623040
9622176
9622144
9622336
9622368
9622400
9622816
9622848
9622880
9623104
9624288
9625248
9624224
9625280
9624672
9624928
9624000
9625088
9624256
9625408
9625216
9625792
9625184
9624864
9624992
9624352
9624832
9625024
9625504
9624384
9624160
9625696
9625152
9624416
9625312
9625120
9625344
9624800
9625760
9624960
9625376
9625056
9624320
9625440
9625600
9625472
9624736
9625536
9623936
9625632
9624448
9625664
9625568
9624480
9624768
9624512
9625728
9624576
9623776
9624064
9624608
9623808
9623840
9623872
9623904
9624640
9624544
9624704
9623968
9624896
9624032
9624096
9624128
9624192
9627136
9626880
9626784
9626368
9626560
9627616
9626912
9627264
9627744
9626944
9625888
9627488
9627424
9625920
9626528
9627520
9627200
9626688
9627808
9625984
9626976
9626400
9627104
9627584
9626496
9627040
9627232
9627392
9626272
9627552
9626208
9626432
9627456
9627008
9627648
9626464
9626304
9625952
9627680
9627168
9626720
9626848
9626752
9627328
9627712
9626240
9627360
9627296
9627776
9626624
9626336
9626016
9627840
9626592
9626048
9625824
9625856
9626080
9626656
9626816
9626112
9626144
9626176
9627072
9627872
9628576
9629248
9629344
9629088
9629312
9628064
9629376
9628608
9629440
9629568
9629408
9629600
9628128
9629152
9628544
9629184
9628640
9628960
9629280
9628416
9629216
9629472
9628768
9628704
9628992
9629504
9628000
9629056
9627904
9628672
9629536
9628736
9629024
9628800
9629632
9628352
9628224
9628832
9629664
9627936
9627968
9628256
9628096
9629120
9628032
9628160
9628864
9628480
9628192
9628288
9628896
9628448
9628928
9628320
9628384
9628512
9632592
9633456
9632880
9633136
9632208
9633296
9632464
9633616
9633424
9634000
9633392
9633072
9633200
9632560
9633040
9633232
9633712
9632624
9632368
9633904
9633360
9632656
9633488
9633328
9633520
9633008
9633968
9633168
9633552
9633264
9632528
9633584
9633808
9633648
9632944
9633680
9632144
9633840
9632496
9633872
9633744
9632432
9632976
9632688
9633776
9632784
9633936
9632272
9632816
9631984
9632016
9632048
9632080
9632848
9632720
9632752
9632112
9632912
9633104
9632176
9632240
9632304
9632336
9632400
9635280
9634416
9635696
9635504
9635536
9634672
9634704
9634736
9635248
9634896
9635312
9635344
9634768
9635760
9635376
9635408
9634288
9635600
9634320
9635728
9635056
9634608
9634640
9635856
9634928
9634256
9634224
9634352
9634960
9634992
9634384
9634448
9635568
9635472
9634800
9635024
9635088
9635120
9634832
9634480
9635152
9634512
9634544
9634576
9635184
9635440
9634864
9635792
9635984
9635632
9635664
9635824
9635216
9635888
9635920
9635952
9636016
9636048
9634032
9634064
9634096
9634128
9634160
9634192
9636752
9637296
9636368
9636624
9636432
9637488
9637808
9637936
9637680
9638000
9636336
9637520
9636816
9637552
9636784
9637264
9637616
9636656
9637584
9637648
9637072
9637008
9637328
9637840
9636208
9637360
9636112
9636848
9637712
9636976
9637392
9636912
9637776
9636560
9636400
9636880
9637872
9637744
9637904
9636464
9636176
9637136
9637968
9637424
9636528
9636496
9638032
9636080
9636592
9636688
9636720
9638064
9637456
9638096
9637232
9636944
9636144
9637040
9636240
9636304
9636272
9637104
9637168
9637200
9640144
9639536
9639216
9639344
9638704
9639184
9639376
9639856
9638736
9638512
9640048
9639504
9638768
9639568
9639472
9639440
9639152
9640112
9639280
9639632
9639312
9638672
9639408
9639952
9639760
9639088
9639824
9638288
9639984
9638608
9640016
9639600
9638576
9639120
9638640
9639664
9638928
9639696
9638416
9638960
9639792
9639920
9638160
9639728
9638992
9638800
9638832
9639888
9638864
9639024
9640080
9638896
9638128
9638192
9639056
9638224
9638544
9638256
9638320
9638352
9639248
9638384
9638448
9638480
9641040
9641392
9641456
9640880
9641904
9641424
9641520
9640432
9641744
9640464
9641872
9641200
9640752
9640784
9642000
9641072
9640400
9640368
9640496
9641104
9641136
9640528
9640560
9641680
9641616
9640944
9641168
9641232
9641264
9640848
9640592
9641296
9640624
9640656
9640688
9641328
9641488
9640720
9641936
9642128
9641552
9641776
9641648
9640816
9641968
9642032
9641360
9641840
9640912
9641808
9640976
9641008
9641584
9641712
9642064
9642096
9642160
9642192
9640176
9640208
9640240
9640272
9640304
9640336
9642768
9642960
9644016
9643312
9643664
9644144
9643344
9642288
9643888
9643824
9642320
9642928
9643920
9643600
9643088
9644208
9642384
9643280
9642800
9643504
9643984
9642896
9643440
9643632
9643792
9642672
9643952
9642608
9642832
9643856
9643376
9644048
9642864
9642704
9642352
9644080
9643536
9643120
9643248
9643152
9643728
9644112
9642640
9643760
9643696
9644176
9643024
9642736
9642416
9644240
9642992
9642448
9642224
9642256
9642480
9643056
9643184
9642512
9642544
9642576
9643216
9643408
9643472
9643568
9645904
9645616
9645840
9644464
9645872
9645040
9645648
9645680
9645584
9645296
9646256
9645424
9645776
9645456
9644816
9645488
9646096
9645936
9645232
9645968
9644432
9646128
9644752
9646160
9645552
9644720
9645264
9644784
9645712
9645072
9645744
9644560
9645104
9646000
9646064
9644304
9645808
9645136
9644944
9644848
9646032
9644880
9645168
9645520
9645008
9646192
9646224
9644912
9646288
9644656
9644272
9644336
9644368
9644976
9645200
9645328
9644400
9645360
9644496
9644528
9645392
9644592
9644624
9644688
9646576
9647888
9646608
9648016
9647344
9646896
9646928
9648144
9647216
9646544
9646512
9646640
9647248
9647184
9646672
9646704
9647824
9647760
9647088
9647312
9647376
9647408
9646992
9646736
9647280
9646768
9646800
9646832
9647440
9647568
9646864
9648080
9648272
9647664
9647920
9647792
9646960
9648112
9648176
9647472
9647984
9647056
9647952
9647024
9647120
9647504
9647152
9647536
9647600
9647632
9647696
9647728
9647856
9648048
9648208
9648240
9648304
9648336
9646320
9646352
9646384
9646416
9646448
9646480
9648432
9650032
9649968
9648464
9649072
9650064
9649744
9649232
9650352
9648528
9649424
9648944
9649648
9650128
9649040
9649584
9649776
9649936
9648816
9650096
9648752
9648976
9650000
9649488
9650160
9649008
9648848
9648496
9650224
9649680
9649264
9649392
9649296
9649872
9650192
9648784
9649904
9649808
9650256
9649168
9648880
9648560
9650288
9648912
9648592
9650320
9650384
9648368
9649104
9649328
9648400
9649840
9648624
9649136
9648656
9649200
9648688
9648720
9649712
9649360
9649456
9649520
9649552
9649616
9652272
9652016
9652336
9650672
9651824
9651152
9651856
9651120
9651600
9651952
9650992
9651888
9651920
9651408
9651344
9651632
9652144
9650544
9651696
9650448
9651184
9651984
9651312
9651664
9651248
9652112
9650896
9650736
9651216
9652176
9652048
9652208
9650704
9650512
9651472
9652080
9651728
9650864
9650768
9652240
9650416
9650928
9651024
9650960
9652400
9651760
9651792
9651568
9651056
9652304
9651376
9652368
9650640
9652432
9651088
9650480
9650576
9650608
9650800
9651504
9650832
9651280
9651536
9651440
9654192
9653072
9652848
9654384
9653840
9653104
9654160
9652880
9653136
9654064
9653584
9654096
9653168
9652912
9652592
9654320
9653744
9653328
9653488
9653360
9653968
9654128
9652944
9654000
9653872
9654224
9653264
9652976
9652624
9654352
9653008
9652656
9654256
9654032
9654416
9653040
9653424
9654288
9653904
9654448
9653200
9652464
9653232
9654480
9652496
9653808
9652528
9652688
9652560
9653296
9652720
9652752
9652784
9652816
9653392
9653936
9653456
9653520
9653552
9653648
9653616
9653680
9653712
9653776
9655504
9655440
9655696
9656240
9654640
9655792
9654544
9655280
9656080
9655408
9655728
9655344
9656208
9654992
9654832
9655312
9656272
9655984
9656304
9654768
9654608
9655568
9656144
9655824
9654960
9654864
9656336
9654512
9655024
9655120
9655056
9656496
9655856
9655760
9655664
9655152
9656016
9655472
9655888
9654736
9655920
9655088
9656176
9655952
9656528
9656048
9655600
9656112
9655184
9655632
9656368
9656400
9655216
9654896
9656432
9656464
9655248
9654576
9654672
9654704
9655536
9654800
9654928
9655376
9657712
9657104
9657776
9658384
9658192
9657520
9658256
9656720
9658416
9657040
9658448
9657840
9657008
9657552
9657072
9657872
9657360
9657904
9656848
9657392
9658224
9658352
9656592
9657936
9657424
9657232
9657136
9658288
9657168
9657456
9657808
9657296
9658480
9657968
9657200
9658000
9656944
9658320
9658032
9658064
9657264
9657328
9657488
9658096
9657584
9658128
9658160
9657616
9658512
9658544
9658576
9656816
9656560
9656880
9656624
9657648
9657680
9657744
9656656
9656688
9656784
9656752
9656912
9656976
9659472
9658864
9658992
9660112
9660048
9659376
9659600
9659664
9659632
9659280
9658832
9659568
9658928
9658800
9659088
9659696
9659856
9658896
9660368
9660560
9659952
9660208
9660080
9658960
9660400
9660432
9659760
9660272
9659344
9660176
9659024
9659152
9659728
9659408
9659056
9659312
9659824
9659120
9659184
9659216
9660016
9659920
9659792
9659888
9659248
9659440
9660464
9659984
9660144
9660528
9660240
9658672
9660304
9660336
9658704
9659504
9660496
9660592
9659536
9660624
9658768
9658608
9658640
9658736
9662224
9661232
9661744
9661872
9662032
9661040
9661552
9661424
9662000
9662128
9660976
9661968
9661904
9662096
9661360
9661072
9660784
9662320
9661136
9660816
9662160
9662064
9662352
9661104
9661520
9662192
9661936
9662256
9661168
9660656
9661392
9662288
9662384
9662416
9662448
9660848
9660688
9661456
9660720
9660752
9660880
9660912
9661200
9660944
9661648
9661008
9661264
9661296
9661328
9661488
9661584
9661616
9661680
9661712
9661776
9661808
9661840
9631216
9629968
9630704
9631504
9630832
9631152
9630768
9631632
9630416
9630256
9630736
9631664
9631408
9631696
9630192
9630032
9630992
9631568
9631248
9630384
9630288
9631728
9629936
9630448
9630544
9630480
9631920
9631280
9631184
9631088
9630576
9631440
9630864
9631120
9630160
9631312
9630512
9631600
9631376
9631952
9631344
9631024
9631472
9630608
9631056
9631536
9631760
9630640
9630320
9631856
9631792
9630672
9631824
9631888
9630000
9630960
9630064
9630096
9630128
9630224
9630800
9630352
9630896
9630928
9663616
9664384
9664640
9662976
9663040
9662944
9663168
9663680
9663200
9664032
9663520
9664064
9663008
9663552
9664352
9664512
9662752
9664000
9663584
9663392
9663264
9664448
9663232
9663648
9663936
9663456
9664544
9664096
9663328
9663968
9663104
9664416
9664192
9664224
9663360
9663424
9663488
9664128
9663712
9664160
9664256
9663744
9664480
9664288
9664320
9663072
9664576
9663136
9664608
9663776
9663296
9663808
9664672
9663840
9663872
9662912
9663904
9664704
9664736
9662720
9662784
9662816
9662848
9662880
9665760
9665824
9665792
9665440
9664992
9665728
9665088
9664960
9665248
9665856
9666016
9665024
9666528
9666720
9666112
9666368
9666240
9665120
9666560
9666592
9665920
9666432
9665504
9666336
9665152
9665312
9665888
9665568
9665056
9665472
9665984
9665184
9665344
9665216
9666176
9666080
9665952
9666048
9665376
9665536
9666624
9666144
9666208
9666688
9666272
9664832
9666464
9666400
9664864
9665600
9666496
9666304
9665632
9666752
9664928
9666656
9665408
9666784
9664768
9665664
9664800
9664896
9665280
9665696
9668512
9667200
9667424
9668416
9667936
9668448
9667456
9667264
9666944
9668672
9668096
9667680
9667776
9667136
9667008
9667296
9667808
9668064
9667040
9668576
9668768
9668160
9668480
9668288
9667168
9668608
9668640
9667968
9668544
9667552
9668384
9667232
9667360
9667840
9667616
9667072
9667488
9668032
9667104
9667392
9667328
9668224
9668128
9667872
9667904
9667520
9667584
9668704
9668000
9668256
9668736
9668192
9666880
9668800
9668832
9666912
9667648
9666816
9668320
9667712
9666848
9666976
9668352
9667744
9670144
9670624
9669536
9670080
9670240
9670432
9669312
9670560
9669248
9669472
9670464
9669984
9670496
9669504
9669344
9668992
9670720
9670176
9669728
9669888
9669760
9670368
9670528
9669280
9670400
9670272
9670592
9669664
9669376
9669024
9670752
9669408
9669056
9670656
9670688
9670784
9669440
9669824
9670816
9670304
9670848
9669568
9668864
9669632
9670880
9668896
9670208
9668928
9669088
9668960
9669696
9669120
9669152
9669184
9669216
9669600
9670336
9669792
9669856
9669920
9670048
9669952
9670016
9670112
9672352
9671904
9671840
9672096
9672640
9671040
9672192
9670944
9671680
9672480
9671808
9672128
9671744
9672608
9671392
9671232
9671712
9672672
9672384
9672704
9671168
9671008
9671968
9672544
9672224
9671360
9671264
9672736
9670912
9671424
9671520
9671456
9672896
9672256
9672160
9672064
9671552
9672416
9671872
9672288
9671136
9672320
9671488
9672576
9672448
9672928
9672512
9672000
9672768
9671584
9672032
9672800
9672832
9671616
9671296
9672864
9670976
9671648
9671072
9671104
9671200
9671936
9671328
9671776
9674464
9674112
9673504
9674176
9674784
9674496
9673120
9673856
9674624
9674880
9673216
9673280
9673184
9673408
9673920
9673440
9674272
9673760
9674304
9673248
9673792
9674592
9674752
9672992
9674240
9673824
9673632
9673536
9674688
9673472
9673888
9674208
9673696
9674816
9674336
9673568
9674368
9673344
9674656
9674432
9674528
9673600
9673664
9673728
9674400
9673952
9674560
9674720
9673984
9674848
9674912
9674944
9673312
9674976
9673376
9672960
9674016
9674048
9674080
9673024
9674144
9673056
9673152
9673088
9675904
9675872
9675264
9675392
9676512
9676448
9675776
9676000
9676064
9676032
9675680
9675232
9675584
9676832
9675936
9675296
9675200
9675328
9675968
9676096
9675360
9675424
9676544
9676480
9675808
9676128
9676160
9676192
9675712
9675456
9676224
9675488
9675520
9675552
9676256
9676288
9675616
9676768
9676960
9676352
9676608
9676576
9675648
9676800
9676864
9676320
9676672
9675744
9676640
9675840
9676384
9676416
9676704
9676736
9676896
9676928
9676992
9677024
9675008
9675040
9675072
9675104
9675136
9675168
9677792
9678848
9678144
9678496
9678976
9678176
9677120
9678720
9678656
9677152
9677760
9678752
9678432
9677920
9679040
9677216
9678112
9677632
9678336
9678816
9677728
9678272
9678464
9678624
9677504
9678784
9677440
9677664
9678688
9678208
9678880
9677696
9677536
9677184
9678912
9678368
9677952
9678080
9677984
9678560
9678944
9677472
9678592
9678528
9679008
9677856
9677568
9677248
9679072
9677600
9677280
9677056
9677088
9677312
9677824
9678016
9677344
9677376
9677408
9677888
9678048
9678240
9678304
9678400
9680448
9680672
9679296
9680704
9679872
9680832
9680960
9680736
9681024
9679360
9680512
9679840
9680544
9679808
9680288
9680640
9679680
9680576
9680608
9680096
9680032
9680320
9680864
9679232
9680384
9679136
9679904
9680768
9680000
9680352
9679936
9680800
9679584
9679424
9679968
9680896
9680928
9680992
9679392
9679200
9680160
9681056
9680416
9679552
9679456
9681088
9679104
9679616
9679712
9679648
9681120
9680480
9679168
9680256
9679744
9679264
9680064
9679328
9679488
9679520
9679776
9680128
9680192
9680224
9682560
9682240
9682368
9681728
9682208
9682400
9682880
9681760
9681536
9683072
9682528
9681792
9682592
9682496
9682464
9682176
9683136
9682304
9682656
9682336
9681696
9682432
9682976
9682688
9681312
9682048
9682816
9683104
9681408
9681472
9681376
9681600
9682112
9681632
9682624
9681952
9682720
9681440
9681984
9682784
9682944
9681184
9682752
9682016
9681824
9681856
9682912
9681664
9682080
9682848
9681888
9683008
9683040
9681920
9683168
9681568
9681152
9681216
9681248
9682144
9682272
9681280
9681344
9681504
9684416
9684480
9683904
9684928
9684448
9684544
9683456
9684768
9683488
9684896
9684224
9683776
9683936
9684384
9684736
9683808
9684608
9684640
9684192
9684128
9684512
9684960
9683328
9684576
9683232
9683968
9684800
9684096
9684672
9684032
9684992
9683680
9683520
9684000
9685024
9684704
9685056
9683552
9683296
9684256
9684832
9684864
9683648
9683584
9685088
9683200
9683712
9683840
9683744
9685184
9685120
9685152
9684352
9683872
9685216
9684160
9683264
9683424
9683360
9684064
9683392
9683616
9684288
9684320
9686336
9686464
9685824
9686304
9686496
9686976
9685856
9685632
9687168
9686624
9685888
9686656
9686592
9686560
9686272
9687232
9686400
9686752
9686432
9685792
9686528
9687072
9686784
9685408
9686144
9686912
9687200
9685504
9685568
9685472
9685696
9686208
9685728
9686688
9686048
9686720
9685536
9686080
9686880
9687040
9685280
9686816
9686112
9685920
9685952
9687008
9685760
9686176
9686848
9685984
9687104
9686944
9686016
9687136
9685664
9687264
9685248
9685312
9686240
9686368
9685344
9685376
9685440
9685600
9688576
9688000
9689024
9688512
9688640
9687552
9688864
9687584
9688992
9688320
9687872
9687904
9689120
9688192
9687520
9687488
9687616
9688224
9688160
9687648
9687680
9688800
9688736
9688064
9688288
9688352
9688384
9687968
9687712
9688256
9687744
9687776
9687808
9688416
9688544
9687840
9689056
9689248
9688672
9688896
9688768
9687936
9689088
9689152
9688448
9688960
9688032
9688928
9688096
9688128
9688480
9688608
9688704
9688832
9689184
9689216
9689280
9689312
9687296
9687328
9687360
9687392
9687424
9687456
9691136
9690432
9690784
9691264
9690464
9689408
9691008
9690944
9689440
9690048
9691040
9690720
9690208
9691328
9689504
9690400
9689920
9690624
9691104
9690016
9690560
9690752
9690912
9689792
9691072
9689728
9689952
9690976
9690496
9691168
9689984
9689824
9689472
9691200
9690656
9690240
9690368
9690272
9690848
9691232
9689760
9690880
9690816
9691296
9690144
9689856
9689536
9691360
9689888
9689568
9689344
9689376
9689600
9690080
9690304
9689632
9689664
9689696
9690112
9690176
9690336
9690528
9690592
9690688
9692960
9691584
9692992
9692160
9693120
9693248
9693024
9693312
9691648
9692800
9692128
9692832
9693344
9691680
9691712
9691616
9691840
9692352
9691872
9692704
9692192
9692736
9691744
9692224
9693056
9693184
9691424
9692672
9692256
9692064
9691936
9693152
9691904
9692288
9692608
9692320
9693216
9692768
9692000
9692640
9691776
9693088
9692864
9692896
9692032
9692096
9692384
9692928
9692416
9693280
9693376
9692448
9693408
9691392
9691456
9691808
9691488
9691968
9691520
9692480
9692512
9692544
9691552
9692576
9693632
9693600
9693696
9694208
9694240
9693664
9693792
9694752
9694720
9694112
9694304
9694368
9694336
9694048
9693728
9694272
9693760
9693824
9693856
9694400
9694560
9693888
9695008
9695168
9694624
9694848
9694784
9693920
9695040
9695072
9694464
9694912
9694080
9694880
9693952
9693984
9694432
9694144
9694016
9694176
9694528
9694496
9694592
9694656
9694688
9694816
9694944
9694976
9695104
9695136
9695200
9695232
9693440
9693472
9693504
9693568
9693536
9699072
9699040
9698976
9697856
9699104
9699296
9697888
9698752
9698272
9699008
9699456
9698368
9698912
9699136
9699264
9698144
9699392
9698080
9698304
9699328
9698816
9699360
9698336
9698176
9697824
9699552
9699168
9698560
9698720
9698592
9699200
9699424
9698112
9699232
9699488
9699520
9698496
9698208
9697920
9699584
9698240
9697952
9699616
9699648
9699680
9698400
9698656
9699712
9697696
9697728
9698432
9697760
9698464
9697792
9697984
9698016
9698048
9698528
9698624
9698688
9698784
9698848
9698880
9698944
9700000
9701152
9700480
9701184
9700448
9700928
9701280
9700320
9701216
9701248
9700736
9700672
9700960
9701472
9699872
9701024
9699776
9700512
9701312
9700640
9700992
9700576
9701440
9700224
9700064
9700544
9701504
9701344
9701536
9700032
9699840
9700800
9701376
9701056
9700192
9700096
9701568
9699744
9700256
9700352
9700288
9701728
9701088
9701120
9700896
9700384
9701408
9700704
9701600
9699968
9701632
9700416
9701664
9701696
9701760
9699808
9700832
9699904
9700608
9700864
9699936
9700128
9700768
9700160
9703712
9703168
9702400
9703200
9703136
9703104
9702816
9703776
9702944
9703296
9702976
9702336
9703008
9703616
9703328
9701952
9702688
9703456
9703744
9702912
9701856
9701824
9701792
9703232
9703264
9703072
9701984
9703360
9703392
9702016
9702848
9702368
9703424
9703552
9702464
9703040
9703488
9703520
9702240
9703584
9702176
9702432
9703648
9703680
9703808
9702496
9702272
9701920
9701888
9702048
9702656
9702880
9702720
9702080
9702112
9702208
9702144
9702304
9702528
9702592
9702560
9702624
9702752
9702784
9704000
9705472
9705376
9705760
9704320
9704800
9705344
9705248
9705600
9704384
9703840
9704608
9705408
9705504
9705184
9705440
9704032
9705536
9704640
9705568
9705696
9705632
9705792
9704096
9705280
9704576
9705312
9704544
9705024
9705664
9704416
9705728
9705824
9704832
9704768
9705056
9705856
9703968
9705120
9703872
9704672
9703904
9704736
9705088
9704704
9703936
9704352
9704160
9704864
9704064
9704128
9704192
9704224
9704256
9704896
9704288
9705152
9704448
9704480
9704512
9704928
9704960
9704992
9705216
9707872
9707232
9707104
9707040
9706496
9707360
9706784
9707072
9706112
9707200
9706368
9707520
9707328
9707904
9707296
9706976
9707136
9706464
9706944
9707168
9707616
9706528
9706272
9707808
9707264
9706560
9707392
9707424
9707456
9706912
9705888
9707488
9707552
9707584
9706432
9707648
9707712
9707680
9706048
9706816
9707744
9707840
9706144
9706208
9706176
9706336
9706848
9706400
9707776
9706688
9705920
9706240
9706720
9705952
9705984
9706016
9706080
9706752
9706592
9706624
9706304
9706656
9706880
9707008
9708672
9709760
9709280
9708544
9709184
9708320
9709600
9709408
9709440
9708576
9708608
9708640
9709152
9708800
9709216
9709248
9708704
9709664
9709312
9709344
9708192
9709504
9708224
9709632
9708960
9708512
9708736
9709792
9708832
9708160
9708128
9708256
9708864
9708896
9708288
9708352
9709472
9709376
9708768
9708928
9708992
9709024
9709056
9708384
9709088
9708416
9708448
9708480
9709120
9709536
9709568
9709696
9709888
9709728
9709824
9709856
9709920
9709952
9707936
9707968
9708000
9708032
9708064
9708096
9710528
9710944
9710784
9710208
9710656
9711200
9710272
9710560
9710336
9711392
9711296
9711040
9710976
9710592
9710720
9711776
9711072
9711424
9710752
9711520
9711616
9711328
9711552
9710176
9711584
9710816
9711712
9711840
9711648
9711904
9710240
9711456
9710848
9711488
9710688
9711168
9711680
9710624
9711744
9711808
9711008
9710912
9711232
9711872
9710112
9711264
9710016
9710880
9711936
9711104
9711360
9711136
9711968
9710464
9710304
9712000
9709984
9710048
9710080
9710368
9710144
9710400
9710432
9710496
9712480
9712352
9713792
9712032
9712544
9712640
9712512
9714016
9713376
9713248
9713184
9712672
9713504
9712928
9713216
9712256
9713344
9712576
9713664
9713472
9714048
9713440
9713120
9713280
9712608
9713088
9713312
9713760
9712704
9712416
9713952
9713408
9712736
9713536
9713568
9713600
9713056
9712064
9713632
9713696
9713728
9712768
9713824
9713856
9713888
9712192
9712960
9713920
9713984
9712288
9712384
9712320
9712800
9712992
9712832
9712096
9712864
9712128
9712448
9712896
9712160
9712224
9713024
9713152
9714880
9714752
9714624
9715808
9714592
9714976
9715296
9714816
9715904
9715424
9714688
9715328
9714464
9715744
9715552
9715584
9714720
9714784
9714848
9715360
9714944
9715392
9715456
9714912
9715840
9715488
9715520
9714336
9715648
9714368
9715776
9715104
9714656
9715008
9715936
9715040
9714304
9714272
9714400
9715072
9715136
9714432
9714496
9715616
9715680
9715168
9715200
9715232
9715264
9715712
9714528
9715872
9714560
9715968
9716000
9716032
9716064
9716096
9714080
9714112
9714144
9714176
9714208
9714240
9717920
9717952
9717280
9717792
9716864
9717696
9716448
9716672
9717088
9716928
9716352
9716800
9717344
9716416
9716704
9716480
9717536
9717440
9717184
9717120
9716736
9716896
9717984
9717216
9717568
9718048
9717248
9716192
9716160
9716128
9717504
9717472
9717408
9716288
9717600
9717728
9716320
9717312
9716768
9717632
9717888
9716832
9717376
9717664
9717760
9716576
9717824
9716512
9716960
9717856
9718016
9718080
9716992
9716608
9716256
9718112
9718144
9717024
9717152
9717056
9716224
9716384
9716544
9716640
9719584
9719808
9718976
9718624
9718336
9720064
9718720
9718368
9719840
9719712
9720096
9718656
9719136
9719680
9719616
9719936
9718752
9718176
9718496
9718784
9719168
9719008
9718400
9718848
9719392
9718464
9718816
9718528
9719648
9719488
9719232
9719200
9718880
9718912
9719968
9719264
9719744
9720128
9719296
9718240
9718208
9718272
9719552
9719520
9719456
9718432
9719776
9719872
9718560
9719328
9718944
9719904
9720000
9719040
9719424
9720032
9720160
9718688
9720192
9718592
9719072
9718304
9719360
9719104
9720832
9720672
9720352
9722080
9721504
9721088
9721248
9721120
9721728
9721888
9720608
9721760
9721632
9721856
9721024
9720704
9720384
9722112
9720768
9720416
9721920
9721792
9722144
9720736
9721184
9721824
9721664
9721984
9720800
9720224
9720992
9721952
9722016
9721568
9722048
9720448
9722176
9721056
9722208
9722240
9720256
9720288
9720480
9721696
9720960
9720320
9720928
9721408
9720512
9720864
9720544
9720576
9721216
9721152
9721440
9720640
9720896
9721536
9721280
9721312
9721344
9721376
9721472
9721600
9723968
9722752
9722592
9723072
9724000
9723744
9724032
9722528
9722368
9723328
9723904
9723584
9722720
9722624
9724064
9722272
9722784
9722880
9722816
9724256
9723616
9723488
9723424
9722912
9723776
9723168
9723456
9722496
9723648
9722848
9723936
9723712
9724288
9723680
9723360
9723520
9722944
9723392
9723552
9724096
9722976
9722656
9724192
9723808
9723008
9723840
9723872
9724128
9723296
9722304
9724160
9724224
9722336
9723040
9722400
9722432
9722464
9722560
9723200
9722688
9723104
9723136
9723232
9723264
9724768
9725280
9724800
9725632
9725120
9725664
9724608
9725152
9725952
9726112
9724352
9725600
9725184
9724992
9724864
9726048
9724832
9725216
9725536
9725056
9726144
9725696
9724928
9725568
9724704
9725984
9725792
9725824
9724960
9725024
9725088
9725728
9725248
9725760
9725856
9725312
9726080
9725888
9725920
9724576
9726016
9724640
9726176
9725344
9724896
9725376
9726208
9725408
9724544
9724512
9724672
9725440
9725472
9724736
9725504
9726240
9726272
9726304
9726336
9724320
9724384
9724416
9724448
9724480
9726688
9726560
9726848
9727360
9727616
9726592
9728128
9728320
9727712
9727968
9727840
9726720
9728160
9728192
9727520
9728032
9727104
9727936
9727744
9727648
9726528
9727776
9728000
9726624
9727424
9726944
9727680
9728224
9727040
9727584
9727808
9728064
9726816
9728096
9726752
9726976
9728256
9727488
9728288
9727008
9726880
9726496
9728352
9727872
9727232
9727392
9727264
9727904
9728384
9726784
9726368
9726400
9726432
9727168
9726912
9726656
9726464
9727072
9727136
9727200
9727296
9727328
9727456
9727552
9729920
9729824
9730176
9728960
9728416
9729184
9729952
9730048
9729760
9729984
9728608
9730016
9729216
9730144
9730272
9730080
9730336
9728672
9729856
9729152
9729888
9729120
9729600
9730112
9728992
9730208
9730240
9729408
9729344
9729632
9730304
9728544
9729696
9728448
9729248
9730368
9729312
9729664
9729280
9730400
9728896
9728736
9729376
9730432
9728480
9728512
9728704
9728576
9729472
9728640
9729728
9728864
9728768
9728800
9728832
9728928
9729024
9729056
9729088
9729792
9729440
9729568
9729504
9729536
9731360
9731616
9730688
9731776
9730944
9732096
9731904
9732480
9731872
9731552
9731680
9731040
9731520
9731712
9732192
9731072
9730848
9732384
9731840
9731104
9731936
9731808
9731968
9731488
9732448
9731648
9732000
9731744
9731008
9732032
9732288
9732064
9730624
9731392
9732128
9732416
9730720
9730784
9730752
9730912
9731424
9730976
9732160
9731264
9732224
9730816
9731296
9732256
9732320
9730496
9732352
9731328
9731136
9731168
9730464
9731200
9731456
9730528
9731232
9730560
9730592
9731584
9730656
9730880
9734176
9733984
9734016
9733152
9733184
9733216
9733728
9733376
9733760
9733792
9733248
9734240
9733824
9733856
9732768
9734080
9732800
9734208
9733536
9733088
9733120
9734336
9733408
9732736
9732704
9732832
9733440
9733472
9732864
9732896
9734048
9733952
9733280
9733504
9733568
9733600
9733312
9732928
9733632
9732960
9732992
9733024
9733664
9733888
9733056
9734272
9734464
9733920
9734112
9734144
9733344
9734304
9734368
9733696
9734400
9734432
9734496
9734528
9732512
9732544
9732576
9732608
9732640
9732672
9734848
9735104
9734912
9735968
9735872
9735616
9735520
9735136
9735296
9736352
9735648
9736000
9736480
9735680
9734624
9734592
9734560
9735936
9736320
9735232
9735776
9736032
9736128
9735008
9736256
9734944
9735168
9736160
9735712
9736192
9735200
9735040
9734688
9736416
9735840
9735424
9735584
9735456
9736064
9736224
9734976
9736096
9736288
9736384
9735360
9735072
9734720
9736448
9735264
9734752
9736512
9736544
9736576
9735328
9735552
9734656
